8 0.62474 0.621759 0.0963542 0.456481
0 0.360417 0.63287 0.08125 0.19537
8 0.62474 0.621759 0.0963542 0.456481
0 0.360417 0.63287 0.08125 0.19537
8 0.62474 0.622222 0.0963542 0.457407
8 0.62474 0.622222 0.0963542 0.457407
0 0.360417 0.63287 0.08125 0.19537
8 0.62474 0.621759 0.0963542 0.458333
8 0.62474 0.622222 0.0963542 0.457407
8 0.62474 0.622222 0.0963542 0.457407
8 0.62474 0.622222 0.0963542 0.457407
0 0.360417 0.63287 0.08125 0.19537
8 0.62474 0.622222 0.0963542 0.457407
0 0.360417 0.63287 0.08125 0.19537
8 0.625 0.619907 0.096875 0.44537
8 0.62474 0.621759 0.0963542 0.456481
8 0.62474 0.622222 0.0963542 0.457407
8 0.62474 0.621759 0.0963542 0.456481
8 0.62474 0.622222 0.0963542 0.457407
0 0.360417 0.63287 0.08125 0.19537
8 0.62474 0.622222 0.0963542 0.457407
0 0.360417 0.63287 0.08125 0.19537
8 0.62474 0.622222 0.0963542 0.457407
0 0.360417 0.63287 0.08125 0.19537
8 0.62474 0.621759 0.0963542 0.458333
0 0.360417 0.63287 0.08125 0.19537
8 0.624479 0.621759 0.0958333 0.456481
0 0.360417 0.63287 0.08125 0.19537
8 0.624479 0.621759 0.0958333 0.456481
0 0.360417 0.63287 0.08125 0.19537
8 0.625 0.619907 0.096875 0.44537
0 0.360417 0.63287 0.08125 0.19537
8 0.624479 0.621759 0.0958333 0.456481
0 0.360417 0.63287 0.08125 0.19537
8 0.62474 0.622222 0.0963542 0.457407
0 0.360417 0.63287 0.08125 0.19537
8 0.62474 0.621759 0.0963542 0.456481
0 0.360417 0.63287 0.08125 0.19537
8 0.62474 0.621759 0.0963542 0.456481
0 0.360417 0.63287 0.08125 0.19537
8 0.62474 0.622222 0.0963542 0.457407
0 0.360417 0.63287 0.08125 0.19537
8 0.62474 0.621759 0.0963542 0.458333
0 0.360417 0.63287 0.08125 0.19537
8 0.62474 0.622222 0.0963542 0.457407
0 0.360417 0.63287 0.08125 0.19537
8 0.624479 0.621759 0.096875 0.456481
0 0.360417 0.63287 0.08125 0.19537
8 0.62474 0.621759 0.0963542 0.456481
0 0.360417 0.63287 0.08125 0.19537
8 0.624479 0.621759 0.096875 0.456481
0 0.360417 0.63287 0.08125 0.19537
8 0.62474 0.622222 0.0963542 0.457407
0 0.360417 0.63287 0.08125 0.19537
8 0.62474 0.621759 0.0963542 0.456481
0 0.360417 0.63287 0.08125 0.19537
8 0.62474 0.621759 0.0963542 0.456481
0 0.360417 0.63287 0.08125 0.19537
8 0.62474 0.621759 0.0963542 0.456481
0 0.360417 0.63287 0.08125 0.19537
8 0.62474 0.621759 0.0963542 0.456481
0 0.360417 0.63287 0.08125 0.19537
8 0.62474 0.621759 0.0963542 0.456481
0 0.360417 0.63287 0.08125 0.19537
8 0.62474 0.622222 0.0963542 0.457407
0 0.360417 0.63287 0.08125 0.19537
8 0.62474 0.622222 0.0963542 0.457407
0 0.360417 0.63287 0.08125 0.19537
8 0.62474 0.621759 0.0963542 0.456481
0 0.360417 0.63287 0.08125 0.19537
8 0.62474 0.621759 0.0963542 0.456481
0 0.360417 0.63287 0.08125 0.19537
8 0.62474 0.621759 0.0963542 0.456481
0 0.360417 0.63287 0.08125 0.19537
8 0.625 0.621296 0.0958333 0.451852
0 0.360417 0.63287 0.08125 0.19537
8 0.62474 0.621759 0.0963542 0.45463
0 0.360417 0.63287 0.08125 0.19537
4 0.361458 0.63287 0.0791667 0.189815
5 0.621615 0.631019 0.0953125 0.463889
3 0.491406 0.651852 0.0692708 0.253704
7 0.621615 0.626389 0.0932292 0.423148
8 0.62474 0.622222 0.0963542 0.455556
0 0.360417 0.63287 0.08125 0.19537
4 0.361458 0.63287 0.0791667 0.189815
5 0.621615 0.631019 0.0953125 0.463889
3 0.491406 0.651852 0.0692708 0.253704
7 0.621615 0.626389 0.0932292 0.423148
8 0.62474 0.621759 0.0963542 0.456481
0 0.360417 0.63287 0.08125 0.19537
8 0.62474 0.622685 0.0953125 0.456481
0 0.360417 0.63287 0.08125 0.19537
8 0.62474 0.622222 0.0963542 0.455556
0 0.360417 0.63287 0.08125 0.19537
8 0.62474 0.622222 0.0963542 0.455556
0 0.360417 0.63287 0.08125 0.19537
4 0.361458 0.63287 0.0791667 0.189815
5 0.621615 0.631019 0.0953125 0.463889
3 0.491406 0.651852 0.0692708 0.253704
7 0.621615 0.626389 0.0932292 0.423148
8 0.62474 0.621759 0.0963542 0.456481
0 0.360417 0.63287 0.08125 0.19537
4 0.361458 0.63287 0.0791667 0.189815
5 0.621354 0.631019 0.0947917 0.463889
3 0.491406 0.651852 0.0692708 0.253704
7 0.621615 0.626852 0.0932292 0.424074
8 0.62474 0.622222 0.0953125 0.457407
0 0.360417 0.63287 0.08125 0.19537
4 0.361458 0.63287 0.0791667 0.189815
5 0.621354 0.631019 0.0947917 0.463889
3 0.491406 0.651852 0.0692708 0.253704
7 0.621615 0.626852 0.0932292 0.424074
8 0.62474 0.622685 0.0953125 0.456481
0 0.360417 0.63287 0.08125 0.19537
4 0.361458 0.63287 0.0791667 0.189815
5 0.621354 0.631019 0.0947917 0.463889
3 0.491406 0.651852 0.0692708 0.253704
7 0.621615 0.626852 0.0932292 0.424074
8 0.62474 0.622685 0.0953125 0.456481
0 0.360417 0.63287 0.08125 0.19537
4 0.361458 0.63287 0.0791667 0.189815
5 0.621354 0.631019 0.0947917 0.463889
3 0.491406 0.651852 0.0692708 0.253704
7 0.621615 0.626389 0.0932292 0.423148
8 0.62474 0.622222 0.0953125 0.457407
0 0.360417 0.63287 0.08125 0.19537
7 0.621615 0.626852 0.0932292 0.424074
8 0.62474 0.622222 0.0963542 0.455556
0 0.360417 0.63287 0.08125 0.19537
7 0.621615 0.626852 0.0932292 0.424074
8 0.62474 0.622222 0.0953125 0.455556
0 0.360417 0.63287 0.08125 0.19537
7 0.621615 0.626389 0.0932292 0.423148
8 0.62474 0.622222 0.0963542 0.455556
0 0.360417 0.63287 0.08125 0.19537
8 0.625 0.622222 0.0958333 0.455556
0 0.360417 0.63287 0.08125 0.19537
8 0.62474 0.622222 0.0953125 0.455556
0 0.360417 0.63287 0.08125 0.19537
8 0.62474 0.622222 0.0953125 0.455556
0 0.360417 0.63287 0.08125 0.19537
7 0.621875 0.631944 0.0947917 0.463889
8 0.62474 0.621296 0.0963542 0.461111
3 0.486198 0.191667 0.0588542 0.218519
0 0.360417 0.63287 0.08125 0.19537
7 0.621875 0.626389 0.09375 0.421296
8 0.62474 0.621296 0.0963542 0.461111
3 0.473958 0.191204 0.05625 0.212037
0 0.360417 0.63287 0.08125 0.19537
7 0.621615 0.626389 0.0932292 0.421296
8 0.625 0.621759 0.0958333 0.460185
4 0.4875 0.203704 0.117708 0.201852
0 0.360417 0.63287 0.08125 0.19537
7 0.621615 0.626389 0.0932292 0.421296
8 0.625 0.621759 0.0958333 0.460185
4 0.4875 0.203704 0.117708 0.201852
0 0.360417 0.63287 0.08125 0.19537
8 0.632031 0.643519 0.230729 0.414815
7 0.633333 0.646296 0.235417 0.451852
4 0.4875 0.203241 0.117708 0.202778
0 0.360417 0.63287 0.08125 0.19537
8 0.632031 0.643519 0.230729 0.414815
7 0.633333 0.646296 0.235417 0.451852
4 0.4875 0.203241 0.117708 0.202778
0 0.360417 0.63287 0.08125 0.19537
8 0.631771 0.643519 0.230208 0.414815
7 0.633333 0.646296 0.235417 0.451852
4 0.4875 0.203241 0.117708 0.202778
0 0.360417 0.63287 0.08125 0.19537
4 0.4875 0.206019 0.119792 0.200926
0 0.360417 0.63287 0.08125 0.19537
4 0.4875 0.206481 0.119792 0.201852
0 0.360417 0.63287 0.08125 0.19537
4 0.4875 0.203241 0.117708 0.200926
0 0.360417 0.63287 0.08125 0.19537
7 0.633333 0.59213 0.23125 0.410185
4 0.48724 0.203704 0.117188 0.201852
0 0.360417 0.63287 0.08125 0.19537
7 0.633333 0.59213 0.23125 0.410185
4 0.4875 0.203704 0.116667 0.201852
0 0.360417 0.63287 0.08125 0.19537
7 0.633333 0.591667 0.23125 0.411111
4 0.4875 0.203704 0.116667 0.201852
0 0.360417 0.63287 0.08125 0.19537
7 0.633333 0.59213 0.23125 0.410185
0 0.363021 0.640741 0.09375 0.205556
4 0.48776 0.203704 0.117188 0.201852
4 0.363281 0.637037 0.0942708 0.203704
7 0.633333 0.59213 0.23125 0.410185
0 0.363021 0.640741 0.09375 0.205556
4 0.4875 0.203704 0.116667 0.201852
4 0.363281 0.637037 0.0942708 0.203704
7 0.633333 0.59213 0.23125 0.410185
0 0.360417 0.6375 0.1 0.208333
4 0.48724 0.203704 0.117188 0.201852
4 0.361979 0.637963 0.0958333 0.2
7 0.633333 0.591667 0.23125 0.411111
0 0.360417 0.637963 0.101042 0.209259
4 0.48724 0.203704 0.117188 0.201852
4 0.361979 0.637963 0.096875 0.2
7 0.633333 0.59213 0.23125 0.410185
0 0.360417 0.637963 0.101042 0.209259
4 0.48724 0.203704 0.117188 0.201852
4 0.361979 0.637963 0.096875 0.2
7 0.633333 0.591667 0.23125 0.411111
4 0.335938 0.610648 0.103125 0.206481
4 0.4875 0.203704 0.116667 0.201852
4 0.4875 0.203704 0.117708 0.201852
4 0.4875 0.203704 0.117708 0.201852
4 0.498437 0.681944 0.0927083 0.206481
0 0.498177 0.681944 0.0942708 0.208333
4 0.4875 0.203704 0.117708 0.201852
7 0.633333 0.59213 0.23125 0.410185
10 0.34974 0.410648 0.124479 0.210185
4 0.4875 0.203704 0.116667 0.201852
4 0.41875 0.506481 0.0895833 0.211111
4 0.48724 0.203241 0.117188 0.200926
4 0.41901 0.506481 0.0890625 0.211111
4 0.48724 0.203241 0.117188 0.200926
4 0.41875 0.506481 0.0895833 0.211111
4 0.48724 0.203241 0.117188 0.200926
8 0.62474 0.622222 0.0963542 0.455556
0 0.360417 0.63287 0.08125 0.19537
8 0.624479 0.622222 0.0958333 0.455556
0 0.360417 0.63287 0.08125 0.19537
